  0.121951  -0.022876
  0.650407  -0.024060
  0.691057  -0.035077
  1.097561  -0.047393
  1.422764  -0.032118
  1.666667  -0.048881
  2.276423  -0.041062
  2.439024  -0.014514
  2.479675  -0.015015
  2.804878  -0.012111
  3.252033  -0.001879
  3.495935   0.023889
  3.699187   0.030764
  4.065041   0.030655
  4.146341   0.062281
  4.186992   0.056853
  4.471545   0.055329
  4.593496   0.077544
  4.674797   0.072151
  5.121951   0.063201
  5.487805   0.077605
  5.569106   0.074460
  5.691057   0.088263
  6.219512   0.070539
  6.382114   0.072797
  6.544715   0.074132
  6.585366   0.052360
  6.910569   0.058397
  7.032520   0.038206
  7.317073   0.025511
  7.357724   0.019528
  7.642276  -0.000479
  8.089431   0.014478
  8.495935  -0.019410
  8.536585   0.009992
  8.658537  -0.016375
  8.699187   0.001442
  8.739837  -0.009166
  9.024390  -0.009068
  9.390244  -0.013563
  9.471545   0.004379
  9.837398   0.032234
 10.040650   0.031783
 10.203252   0.036029
 10.284553   0.059738
 10.406504   0.042187
 10.813008   0.069221
 11.016260   0.105860
 11.097561   0.108770
 11.626016   0.141037
 12.032520   0.132537
 12.073171   0.161531
 12.195122   0.139405
 12.439024   0.150311
 12.642276   0.167040
 12.804878   0.156295
 13.048780   0.160621
 13.292683   0.136665
 13.333333   0.132695
 13.495935   0.119269
 13.536585   0.120514
 13.617886   0.121210
 13.699187   0.102228
 13.902439   0.086943
 13.943089   0.083439
 13.983740   0.085694
 14.308943   0.078972
 14.349593   0.064105
 14.390244   0.069301
 15.000000   0.007696
